#SNID PKMJD
200003 55564.543
200005 55176.4258
200006 55520.082
200007 55315.707
200008 55709.4453
200009 55187.043
200011 55441.8477
200012 55547.0195
200013 55123.1914
200014 55428.7695
200015 55327.3203
200016 55039.1758
200018 55510.3008
200019 55221.7383
200020 55318.332
200025 55386.375
200026 55071.5312
200027 55638.75
200028 55591.1758
200030 55239.7109
200031 55532.6289
200033 55361.2227
200034 55417.4648
200035 55033.0781
200037 55282.3594
200039 55553.0664
200040 55349.2305
200046 55178.1523
200048 55465.6289
200049 55510.9219
200050 55143.5859
200053 55304.5625
200055 55583.3828
200058 55438.0078
200065 55200.9648
200068 55382.1797
200070 55488.1445
200071 55445.2227
200072 55625.6562
200073 55067.332
200075 55254.9922
200076 55443.5273
200078 55433.5703
200084 55679.7031
200085 55250.6328
200087 55241.8984
200089 55517.1367
200091 55111.8711
200092 55254.0547
200095 55238.2695
200097 55439.6992
200098 55488.25
200099 55188.8008
200101 55183.3672
200102 55490.4922
200103 55297.2383
200104 55067.2188
200105 55536.3086
200108 55194.1562
200109 55617.6914
200110 55424.3477
200111 55451.2031
200112 55426.7969
200114 55478.5
200115 55479.5508
200116 55312.0
200118 55055.5312
200119 55165.2188
200121 55389.625
200123 55518.6289
200124 55618.1094
200125 55180.8008
200126 55199.4375
200127 55193.0742
200128 55232.625
200129 55239.4375
200130 55032.1328
200131 55064.2617
200134 55677.457
200137 55648.2031
200138 55332.8789
200139 55287.0547
200140 55493.1641
200142 55521.8867
200144 55524.2852
200146 55441.3086
200147 55068.4648
200148 55500.2266
200151 55265.9492
200152 55075.8906
200154 55321.4844
200155 55093.0078
200156 55556.0898
200157 55107.8906
200158 55640.5117
200159 55460.5742
200160 55138.3633
200161 55171.4805
200162 55371.6055
200163 55402.9688
200164 55683.3047
200165 55126.9609
200167 55106.918
200168 55188.4297
200169 55660.0938
200171 55296.1914
200173 55625.2148
200176 55012.6875
200177 55317.6172
200180 55507.1758
200181 55429.6289
200182 55572.0195
200183 55340.1523
200184 55160.7812
200185 55371.5156
200186 55080.3398
200187 55522.1914
200188 55159.7773
200191 55440.4922
200194 55470.4688
200195 55502.75
200196 55083.8516
200197 55610.25
200198 55318.6797
200200 55272.168
200201 55313.8633
200202 55629.7031
200203 55539.0508
200204 55215.375
200205 55112.375
200209 55003.582
200210 55237.1992
200212 55517.1172
200214 55234.2227
200215 55032.125
200216 55333.1211
200217 55521.6172
200218 55142.9648
200219 55033.6953
200220 55614.9766
200221 55614.2305
200223 55285.8125
200224 55019.75
200227 55066.8086
200230 55633.9609
200231 55029.1094
200235 55485.6406
200236 55583.8594
200239 55007.7148
200240 55126.4766
200243 55444.9375
200246 55467.7734
200247 55625.5859
200248 55579.7812
200249 55250.8477
200250 55679.2734
200251 55354.1797
200253 55207.7422
200254 55360.1328
200255 55568.9297
200256 55255.9805
200257 55308.4258
200262 55075.5078
200264 55167.6484
200265 55496.5
200266 55476.4102
200268 55529.8789
200271 55575.918
200272 55395.4336
200273 55129.75
200275 55009.0938
200277 55482.8359
200278 55497.1328
200285 55071.6406
200286 55518.25
200287 55481.8398
200289 55414.1797
200290 55079.0195
200291 55602.1445
200292 55549.3828
200295 55622.582
200296 55582.9023
200298 55185.5391
200299 55055.1875
200300 55561.4961
200302 55202.4766
200304 55250.3438
200305 55314.9141
200308 55499.3281
200310 55437.875
200312 55053.5
200313 55598.2812
200315 55661.7734
200316 55073.1523
200318 55639.9492
200321 55042.9141
200322 55663.7227
200323 55042.0664
200325 55102.7812
200326 55565.8164
200328 55119.4336
200329 55450.1875
200330 55367.5508
200332 55544.5273
200334 55680.7812
200336 55048.5938
200337 55460.8867
200338 55466.8945
200339 55074.9922
200341 55663.6797
200344 55132.7539
200352 55482.5859
200353 55107.1406
200354 55261.293
200355 55539.4531
200356 55192.3398
200357 55662.5312
200359 55460.7695
200361 55570.957
200363 55683.3086
200365 55358.4766
200366 55321.2227
200368 55171.9766
200370 55282.0547
200371 55396.3906
200372 55176.625
200374 55247.1914
200376 55509.6641
200377 55506.5508
200379 55572.1523
200381 55006.8984
200385 55405.2227
200386 55364.957
200387 55473.1562
200388 55173.9805
200389 55464.4727
200390 55091.168
200391 55236.2695
200392 55293.7734
200396 55446.9336
200397 55306.7734
200402 55603.5898
200403 55318.4453
200408 55461.3984
200409 55422.1016
200411 55665.3125
200412 55286.3164
200414 55534.0078
200415 55551.7852
200416 55609.3945
200417 55590.2422
200418 55576.0938
200419 55469.9062
200421 55227.4883
200422 55268.8242
200423 55246.8789
200424 55212.8438
200425 55124.1836
200426 55219.5195
200428 55023.6211
200430 55291.3281
200431 55622.5977
200433 55575.9453
200434 55372.9102
200436 55268.4453
200437 55380.8164
200439 55515.3672
200443 55546.3867
200444 55441.6289
200445 55674.0312
200449 55190.1836
200450 55182.4375
200451 55230.8008
200452 55238.5195
200453 55167.043
200454 55699.8555
200455 55491.3633
200456 55019.8359
200457 55247.1797
200458 55356.9805
200459 55243.668
200460 55405.9102
200462 55457.5273
200465 55532.7031
200466 55333.0781
200468 55216.2695
200470 55493.6367
200471 55663.0781
200472 55416.8086
200474 55029.6367
200476 55640.3047
200479 55675.9219
200481 55354.957
200483 55068.4141
200484 55201.9023
200485 55333.0703
200486 55303.9141
200488 55376.2734
200489 55207.0
200490 55527.2656
200491 55201.8867
200492 55419.8086
200494 55561.9102
200496 55187.7891
200497 55464.957
200498 55229.6719
200499 55160.7969
200500 55134.8477
200501 55599.5977
200503 55313.5547
200504 55641.7578
200506 55646.0547
200507 55080.4492
200508 55669.0664
200509 55473.2578
200510 55320.7773
200512 55667.7891
200513 55529.8281
200516 55090.9844
200517 55220.2891
200518 55585.793
200520 55216.6133
200521 55673.6211
200522 55519.4258
200530 55471.8633
200531 55013.3477
200532 55661.6875
200534 55632.0547
200536 55565.5
200537 55534.6758
200538 55221.0352
200539 55160.8555
200541 55160.793
200542 55647.1172
200543 55533.6016
200544 55270.4336
200545 55398.2734
200548 55487.5742
200549 55535.3359
200551 55649.6367
200554 55473.793
200555 55076.6133
200557 55582.2891
200558 55140.0273
200560 55333.2734
200561 55498.6758
200562 55618.6797
200564 55264.5781
200565 55323.2578
200566 55517.8086
200567 55045.5234
200569 55327.3125
200570 55051.1523
200572 55094.3711
200573 55147.0859
200575 55300.4375
200576 55365.8711
200578 55273.9023
200579 55494.9609
200580 55424.8945
200581 55660.543
200582 55471.7422
200583 55368.8125
200584 55481.4375
200585 55523.7383
200586 55463.1133
200588 55139.4609
200589 55214.7461
200591 55529.3984
200592 55235.332
200596 55571.5586
200599 55104.1172
200600 55366.7109
200601 55312.1211
200602 55232.3438
200604 55193.1484
200605 55214.707
200606 55256.1328
200610 55164.5547
200611 55684.8359
200613 55352.7266
200614 55555.0234
200615 55371.4453
200617 55671.7266
200619 55474.4414
200620 55384.6953
200621 55540.7109
200622 55511.5352
200623 55648.4219
200625 55054.4766
200626 55578.75
200627 55059.3867
200631 55628.2383
200633 55505.3867
200635 55640.668
200637 55192.3594
200638 55047.7031
200639 55270.6367
200640 55375.9609
200641 55119.832
200643 55041.4336
200644 55510.5586
200645 55457.3789
200648 55068.4258
200651 55415.875
200652 55056.6875
200654 55248.6016
200655 55042.6172
200657 55254.375
200658 55544.918
200659 55709.9258
200662 55217.1992
200663 55603.5625
200664 55311.6719
200665 55025.3789
200666 55320.9805
200668 55182.418
200670 55013.7852
200671 55229.0391
200673 55355.0156
200674 55079.7227
200676 55103.7656
200679 55272.1875
200681 55255.7383
200683 55593.9102
200686 55184.082
200687 55575.0391
200689 55452.5
200690 55563.7578
200691 55252.9805
200692 55099.4844
200693 55457.3242
200696 55436.2227
200697 55560.8164
200701 55513.4531
200703 55297.4062
200705 55655.3828
200707 55256.9688
200710 55455.0664
200711 55276.2031
200713 55018.1016
200715 55640.2578
200716 55387.9844
200718 55311.0195
200719 55545.1562
200720 55083.9062
200721 55081.2266
200723 55330.6836
200724 55137.9023
200725 55354.2969
200727 55597.8281
200728 55327.2266
200729 55550.6055
200730 55387.4336
200731 55545.3594
200732 55173.0625
200733 55590.4883
200734 55505.8828
200735 55025.543
200736 55334.918
200737 55421.8672
200739 55279.2109
200740 55545.207
200741 55014.582
200744 55441.5234
200745 55368.9414
200746 55164.7344
200747 55207.8398
200748 55639.918
200749 55050.8164
200751 55380.4414
200753 55425.8047
200754 55155.1055
200756 55440.8281
200760 55074.5469
200761 55625.8125
200762 55205.5078
200765 55396.9844
200766 55322.793
200770 55072.5078
200772 55166.6602
200776 55380.375
200777 55539.8945
200778 55536.8086
200779 55231.2227
200781 55304.7188
200785 55610.0156
200786 55117.5586
200790 55148.5898
200791 55607.2031
200792 55186.5234
200793 55530.6953
200797 55070.0703
200798 55337.7695
200800 55114.5156
200801 55207.3477
200803 55124.3398
200805 55283.0078
200806 55361.0273
200808 55214.6992
200811 55428.1289
200812 55427.9023
200816 55600.1641
200818 55159.5234
200819 55072.6133
200820 55705.4844
200821 55380.8633
200822 55140.6289
200825 55427.1914
200826 55177.1172
200827 55580.7344
200829 55517.7266
200831 55221.7266
200832 55479.3516
200835 55342.3164
200837 55230.168
200839 55695.6758
200840 55218.4688
200841 55432.7266
200845 55211.7852
200847 55133.7891
200848 55556.4453
200849 55069.1172
200850 55212.4414
200851 55509.7227
200852 55517.3164
200853 55134.0352
200854 55392.8984
200855 55573.2305
200857 55080.4844
200858 55427.2695
200859 55078.1523
200861 55305.2812
200862 55447.7266
200863 55392.4023
200865 55106.2461
200868 55301.0078
200869 55007.7734
200870 55060.4297
200871 55382.1172
200872 55269.3516
200873 55478.6445
200874 55573.1484
200875 55442.9531
200878 55307.7539
200879 55606.5469
200881 55586.8945
200882 55165.0469
200883 55297.1836
200884 55025.6758
200885 55608.4648
200887 55208.5156
200888 55295.7031
200889 55350.5625
200890 55476.3438
200891 55370.4805
200893 55407.293
200894 55513.168
200895 55078.7617
200897 55068.1289
200902 55394.6133
200903 55485.8867
200904 55664.1055
200906 55425.1328
200907 55515.1562
200908 55672.7227
200909 55168.6875
200910 55257.3945
200911 55379.5469
200912 55517.6953
200913 55301.9453
200914 55203.3047
200915 55117.6719
200916 55540.2773
200917 55261.1328
200919 55230.0859
200920 55088.0547
200921 55468.4492
200922 55476.2031
200923 55284.2266
200925 55549.8359
200929 55669.4102
200930 55396.9492
200932 55011.6055
200933 55651.6094
200934 55039.9531
200937 55248.7305
200938 55663.5352
200939 55292.8789
200940 55185.1211
200943 55262.5938
200944 55469.6719
200947 55058.8594
200949 55300.4531
200950 55122.9844
200951 55403.2383
200952 55433.668
200953 55265.5234
200955 55563.1211
200957 55200.0938
200959 55330.7969
200960 55585.2617
200962 55426.5859
200963 55356.0117
200966 55331.3125
200968 55488.0742
200969 55265.4375
200971 55051.7461
200972 55679.6914
200973 55072.7031
200976 55430.7617
200977 55455.0938
200983 55579.6289
200984 55255.8555
200985 55057.5547
200986 55235.0391
200987 55622.2891
200988 55150.5117
200989 55228.7539
200990 55684.1328
200991 55273.1641
200993 55457.2578
200994 55132.5586
200995 55050.5234
200996 55642.6094
200998 55190.8867
201000 55223.082
201002 55585.7812
201004 55630.6562
201005 55198.4531
201006 55021.2344
201007 55023.0352
201009 55240.0039
201010 55097.207
201011 55151.8008
201014 55677.293
201015 55574.7461
201016 55262.9141
201017 55040.6602
201018 55513.1914
201019 55642.2969
201020 55208.5586
201021 55267.0938
201022 55597.168
201023 55087.6992
201025 55674.6875
201026 55573.1172
201027 55575.5859
201028 55214.8789
201030 55673.9609
201031 55567.4492
201032 55428.4648
201033 55380.1641
201036 55205.7852
201037 55211.9609
201040 55374.0977
201041 55045.7617
201042 55326.3555
201043 55130.1875
201044 55067.707
201046 55628.5156
201047 55421.8125
201049 55381.5508
201050 55261.6836
201052 55407.1172
201053 55252.7656
201055 55013.6602
201057 55102.9922
201059 55340.6367
201060 55206.082
201061 55222.5742
201062 55476.8438
201063 55454.707
201064 55086.1914
201066 55250.9922
201068 55443.7305
201069 55083.4922
201071 55203.8164
201074 55324.3281
201080 55322.5312
201082 55709.168
201083 55665.9648
201089 55557.7969
201090 55396.5391
201091 55192.7266
201092 55358.9648
201093 55593.9688
201094 55199.9648
201097 55405.625
201098 55273.9961
201099 55198.4492
201100 55096.7305
201103 55410.1016
201104 55047.0117
201105 55465.9844
201106 55561.1406
201109 55319.4961
201111 55139.2344
201113 55591.918
201114 55032.6367
201115 55405.7109
201116 55384.8203
201117 55124.7539
201120 55571.1484
201124 55184.1094
201125 55174.9766
201127 55146.3789
201128 55048.1094
201130 55605.3242
201131 55577.4961
201132 55293.0625
201133 55475.2383
201134 55627.7695
201135 55266.9062
201137 55495.6562
201138 55423.625
201139 55319.9688
201140 55391.3672
201141 55344.5312
201142 55622.1641
201144 55680.5547
201148 55031.2695
201149 55573.082
201151 55123.4062
201154 55136.8945
201155 55178.5586
201156 55472.9922
201157 55269.0859
201158 55304.0977
201159 55297.8164
201161 55309.6406
201162 55383.1016
201164 55621.2578
201165 55246.8203
201167 55053.4688
201168 55056.6797
201170 55084.25
201171 55148.043
201173 55412.5273
201175 55403.1133
201176 55090.3516
201178 55100.0039
201180 55422.7344
201181 55193.3438
201182 55109.1758
201183 55383.0039
201184 55276.0859
201185 55592.1016
201186 55446.2031
201189 55684.2578
201191 55247.3281
201192 55570.6133
201193 55294.5
201195 55446.668
201196 55151.2422
201199 55674.8164
201202 55109.0547
201204 55458.9141
201205 55100.082
201206 55232.875
201208 55560.0898
201211 55135.7383
201212 55406.3906
201213 55534.3203
201214 55235.1797
201215 55552.1367
201216 55145.4258
201218 55560.6523
201219 55211.6562
201220 55039.9922
201221 55420.4023
201222 55340.6523
201223 55481.1211
201224 55070.7656
201225 55210.4414
201227 55545.3047
201229 55005.2852
201232 55037.1602
201234 55515.4727
201235 55152.0859
201236 55560.5625
201238 55121.957
201239 55065.0742
201240 55286.6797
201241 55226.668
201242 55640.9961
201246 55581.5391
201247 55182.7695
201248 55693.1172
201249 55081.7227
201251 55633.4648
201252 55404.1836
201254 55377.4922
201256 55365.5
201257 55577.2266
201259 55222.2461
201260 55307.5664
201261 55431.9258
201262 55319.9766
201263 55342.8867
201266 55637.207
201267 55415.0352
201269 55331.9062
201271 55442.5
201275 55123.2227
201276 55523.4375
201277 55508.7109
201278 55552.1758
201279 55209.7148
201280 55115.5977
201281 55177.7734
201282 55574.4023
201283 55637.4922
201284 55223.5117
201290 55165.8672
201293 55308.4609
201294 55143.6875
201295 55420.1328
201298 55450.4961
201299 55405.7266
201302 55047.1836
201304 55459.4453
201305 55375.0664
201307 55231.1797
201308 55642.5664
201310 55288.5039
201312 55190.0078
201313 55083.5703
201315 55488.582
201316 55257.0898
201317 55055.293
201320 55631.5195
201321 55342.125
201323 55024.6836
201324 55442.8281
201326 55637.6367
201327 55647.0
201330 55714.8633
201331 55041.2617
201333 55063.2148
201334 55306.2617
201335 55545.0156
201336 55172.5391
201337 55592.8398
201338 55530.0234
201339 55247.1367
201340 55500.1523
201341 55039.7422
201342 55682.4414
201346 55316.0977
201348 55520.6953
201350 55359.875
201352 55393.582
201356 55126.8047
201359 55249.9453
201361 55541.3477
201362 55265.0117
201363 55713.1211
201364 55064.1641
201365 55387.8984
201366 55644.5156
201367 55501.0781
201368 55516.0156
201371 55679.2891
201372 55525.3555
201373 55443.3555
201374 55353.4883
201375 55570.4883
201376 55109.3516
201377 55645.0547
201378 55125.3906
201380 55288.4727
201381 55300.4531
201382 55259.3477
201385 55490.8398
201386 55540.3047
201392 55492.332
201393 55151.6758
201394 55689.8984
201397 55537.4297
201400 55576.9023
201402 55225.2305
201403 55031.9414
201404 55104.7734
201406 55518.0547
201407 55338.3203
201408 55155.1172
201409 55622.6094
201411 55455.625
201412 55144.7734
201413 55566.8008
201415 55692.6211
201416 55331.7305
201418 55578.1875
201421 55505.6328
201424 55308.3672
201425 55332.5586
201426 55295.4023
201429 55236.3008
201430 55228.3164
201433 55102.0859
201435 55342.6836
201438 55446.9531
201439 55220.8555
201440 55659.2617
201442 55394.9414
201443 55202.4062
201446 55123.7812
201448 55554.7539
201449 55485.8906
201450 55463.9727
201453 55178.1719
201454 55598.4375
201455 55157.8281
201456 55292.1719
201457 55272.4609
201458 55533.9805
201460 55209.9961
201462 55381.5234
201465 55091.7461
201466 55162.3047
201469 55558.3203
201470 55241.9141
201471 55225.9805
201472 55306.5742
201473 55292.457
201474 55427.5547
201478 55612.0547
201479 55181.4453
201481 55203.0742
201483 55545.6445
201484 55184.7188
201486 55504.2266
201487 55202.8398
201488 55068.7891
201489 55221.3672
201490 55449.6211
201492 55574.2344
201493 55352.6641
201494 55645.3281
201495 55382.1953
201496 55295.7773
201497 55366.2734
201498 55063.3398
201500 55664.7578
201501 55457.3008
201503 55115.6055
201504 55392.7148
201505 55520.5508
201506 55523.6484
201507 55034.9258
201509 55151.1836
201510 55529.5195
201511 55159.0
201512 55089.8789
201513 55355.3398
201514 55329.2109
201515 55398.1406
201518 55151.8359
201519 55513.125
201523 55266.9648
201524 55539.2188
201525 55378.0039
201531 55294.6719
201533 55520.1016
201536 55326.1914
201537 55511.1875
201538 55266.9023
201541 55190.0859
201543 55192.2852
201544 55393.3438
201547 55166.1289
201548 55354.8516
201549 55657.3047
201553 55671.3008
201557 55292.7812
201558 55038.9531
201561 55190.0078
201563 55653.2422
201564 55441.9375
201569 55260.7109
201570 55560.6211
201571 55294.6094
201572 55102.9297
201573 55227.3867
201574 55403.5
201575 55291.5
201578 55427.2852
201579 55153.4805
201580 55223.082
201581 55116.0742
201582 55559.793
201583 55477.4375
201585 55108.3906
201586 55414.2383
201587 55376.4805
201590 55291.6641
201591 55233.2773
201593 55074.6133
201594 55707.5312
201595 55625.1445
201598 55099.6836
201599 55551.8125
201603 55036.4141
201606 55246.6875
201607 55570.1289
201611 55275.0234
201612 55322.6641
201614 55229.9141
201615 55703.0508
201617 55308.2109
201618 55621.7578
201620 55575.2383
201622 55387.9414
201623 55252.8242
201625 55220.7148
201626 55002.6367
201627 55088.9766
201628 55101.5391
201629 55651.7617
201630 55277.3867
201631 55484.7539
201632 55197.668
201634 55576.2109
201637 55198.5
201639 55650.6484
201640 55435.8984
201641 55137.0703
201644 55516.4102
201646 55510.0469
201651 55506.5508
201652 55255.4727
201653 55181.6289
201654 55511.7383
201655 55220.7031
201657 55161.3203
201658 55614.3789
201659 55133.3359
201661 55146.7031
201665 55452.4102
201666 55250.3008
201667 55107.7617
201668 55336.3086
201670 55609.4062
201672 55585.5703
201674 55149.1484
201676 55121.1016
201679 55155.1289
201681 55652.1445
201683 55325.75
201684 55429.2188
201685 55202.4453
201686 55257.0
201687 55093.8867
201689 55138.6641
201690 55268.2109
201693 55637.4531
201695 55088.1992
201698 55414.2031
201699 55526.5781
201700 55166.0938
201701 55371.4727
201704 55352.3164
201705 55462.4336
201707 55062.7578
201708 55453.2617
201709 55476.1914
201710 55420.6719
201711 55372.3477
201713 55415.0547
201716 55467.625
201718 55411.7852
201719 55219.5039
201720 55637.543
201721 55428.6602
201722 55653.7422
201724 55457.0625
201725 55157.2188
201727 55086.1445
201728 55391.9961
201729 55516.8242
201731 55530.9648
201732 55341.1445
201733 55593.9141
201734 55341.8789
201736 55289.1016
201738 55062.5703
201743 55411.3672
201744 55384.1914
201745 55058.832
201746 55075.5586
201747 55188.9453
201748 55120.332
201750 55607.043
201751 55271.3164
201754 55027.3945
201757 55381.1562
201759 55238.9062
201760 55507.7461
201765 55204.2461
201766 55098.9922
201767 55206.8672
201769 55586.6211
201770 55628.2812
201771 55663.6992
201773 55450.7422
201774 55286.9648
201776 55666.2344
201777 55241.6875
201779 55184.5742
201780 55483.5391
201781 55358.9609
201782 55350.2188
201783 55003.2539
201786 55079.8242
201789 55391.6758
201791 55550.7695
201793 55334.6172
201794 55575.5742
201796 55190.9727
201799 55502.8203
201800 55255.4336
201801 55521.8086
201802 55073.207
201805 55409.5234
201806 55263.3789
201807 55109.543
201808 55624.0625
201810 55200.8555
201811 55479.0742
201812 55561.0664
201813 55532.8086
201814 55433.3164
201815 55175.9766
201817 55597.9492
201818 55092.1367
201820 55577.2656
201823 55094.5977
201824 55345.7422
201829 55122.3789
201832 55103.4727
201835 55354.4375
201836 55325.75
201839 55532.9883
201840 55108.7109
201841 55395.1211
201842 55348.0312
201843 55143.6055
201844 55527.2422
201845 55029.7891
201846 55147.8828
201847 55614.4688
201848 55086.9609
201849 55586.793
201850 55229.7188
201851 55076.6055
201854 55135.6133
201857 55344.9453
201858 55706.0156
201859 55531.3984
201860 55089.7305
201861 55460.2812
201862 55526.6016
201866 55095.1055
201868 55311.0156
201870 55185.8906
201871 55505.5156
201872 55363.5469
201873 55601.0508
201874 55066.918
201876 55296.7656
201877 55505.0391
201880 55290.2031
201881 55129.4648
201882 55472.5234
201885 55169.4883
201886 55124.9609
201887 55223.3438
201888 55342.1445
201889 55586.6875
201890 55061.5742
201892 55014.8203
201893 55213.9023
201895 55310.6875
201896 55015.5547
201898 55029.0586
201902 55427.6484
201903 55572.9219
201905 55188.582
201906 55047.2422
201907 55044.6641
201908 55047.8711
201910 55300.3789
201911 55447.4062
201912 55645.1445
201919 55664.1094
201921 55659.2344
201922 55476.5117
201923 55511.5938
201924 55002.5938
201925 55400.8047
201928 55576.2461
201930 55453.9844
201931 55030.0195
201932 55345.1992
201933 55506.4531
201934 55564.8125
201935 55549.2969
201936 55288.7109
201938 55335.3711
201939 55538.9922
201940 55668.0742
201942 55159.2383
201943 55585.4297
201945 55345.043
201946 55115.9023
201947 55154.3281
201948 55552.1211
201950 55273.3047
201951 55517.0859
201953 55153.5547
201954 55349.8047
201956 55415.0273
201957 55199.9961
201958 55648.9609
201960 55445.4219
201961 55227.0664
201962 55304.8047
201963 55076.0781
201964 55534.9961
201965 55160.5273
201966 55552.4141
201967 55575.8633
201969 55674.8711
201971 55681.0664
201972 55324.6602
201974 55661.457
201975 55507.8281
201976 55523.1523
201980 55324.4766
201981 55670.25
201982 55019.2461
201983 55489.0938
201984 55016.293
201985 55158.3359
201986 55663.1797
201988 55400.8047
201990 55512.2266
201991 55353.5703
201994 55247.9336
201997 55270.9844
201998 55117.5547
202000 55534.1875
202001 55265.7422
202002 55222.6602
202003 55236.1133
202004 55282.8789
202008 55170.8555
202009 55400.9453
202011 55266.3008
202012 55231.2461
202014 55488.2539
202016 55552.4844
202017 55093.8398
202019 55537.1641
202020 55700.6914
202021 55045.7461
202022 55150.5273
202023 55463.3828
202024 55204.4141
202027 55445.2422
202028 55176.6211
202029 55178.6797
202030 55353.2539
202031 55181.8516
202032 55531.0117
202033 55323.2812
202035 55102.7578
202036 55303.9609
202039 55509.4414
202040 55418.0352
202042 55639.2305
202048 55163.7422
202049 55317.3125
202052 55466.0664
202053 55376.1445
202054 55020.2695
202055 55258.6836
202058 55051.1055
202059 55061.3555
202060 55279.4336
202061 55526.5508
202063 55257.8203
202064 55119.2891
202066 55713.6914
202069 55462.7109
202070 55208.4648
202072 55679.4297
202074 55343.0273
202075 55697.1445
202077 55012.0586
202079 55492.0547
202080 55106.3047
202081 55474.4336
202084 55526.7578
202085 55486.7422
202086 55242.7227
202087 55081.5273
202088 55599.0547
202092 55664.7227
202093 55203.4336
202094 55500.5508
202095 55317.9375
202098 55638.6094
202099 55603.9883
202100 55292.7891
202103 55142.9805
202104 55446.8711
202106 55260.5742
202107 55022.1953
202109 55553.7695
202113 55530.0273
202114 55100.3828
202115 55064.4531
202116 55250.5664
202117 55101.5391
202118 55011.4531
202119 55341.0312
202120 55625.7617
202122 55486.9492
202123 55001.7031
202127 55592.4883
202128 55164.625
202133 55493.1055
202134 55360.9492
202135 55551.6719
202136 55061.5859
202140 55598.1328
202142 55032.4102
202143 55182.1719
202144 55638.2461
202145 55138.4922
202147 55689.0938
202149 55379.4023
202151 55370.1094
202152 55311.25
202153 55487.0508
202154 55141.8867
202156 55452.2969
202157 55363.6992
202158 55260.668
202164 55188.9688
202165 55402.957
202166 55646.832
202167 55587.6484
202168 55611.6406
202169 55009.0938
202171 55098.9453
202172 55519.625
202173 55010.9414
202175 55427.6641
202179 55456.1211
202180 55707.8242
202181 55208.2422
202183 55695.4844
202184 55090.1797
202185 55286.2305
202186 55507.8516
202187 55450.332
202188 55054.5156
202189 55229.8398
202191 55108.6289
202192 55128.9141
202193 55398.9805
202194 55461.1836
202195 55478.6289
202198 55392.9844
202199 55453.7734
202200 55165.3867
202202 55031.3555
202203 55276.25
202204 55614.1719
202208 55386.7227
202209 55566.2656
202210 55307.6641
202211 55174.6328
202212 55551.3125
202214 55260.2852
202215 55658.8555
202216 55613.0195
202218 55383.4141
202221 55279.9766
202222 55413.3867
202223 55564.2383
202224 55588.5
202225 55178.4727
202226 55025.1172
202227 55220.5586
202229 55380.1016
202231 55070.4531
202232 55500.4766
202233 55072.4531
202234 55324.4453
202235 55446.2969
202237 55168.8281
202238 55472.2812
202242 55126.0859
202244 55453.4531
202245 55079.125
202248 55073.125
202249 55414.6719
202250 55332.4844
202251 55670.1328
202252 55476.1289
202253 55050.043
202258 55206.7266
202259 55327.332
202261 55471.207
202263 55043.4531
202264 55023.5664
202265 55447.1211
202266 55562.5273
202267 55279.1836
202270 55694.3203
202271 55618.5234
202272 55571.2734
202274 55016.0
202277 55478.0156
202280 55074.6914
202285 55221.3789
202286 55270.6719
202287 55428.043
202289 55308.4102
202290 55166.4531
202291 55078.9492
202293 55145.9141
202294 55271.9141
202295 55205.5391
202297 55676.9961
202303 55134.1797
202310 55276.0938
202311 55329.0625
202312 55086.7891
202313 55360.9844
202314 55121.7461
202315 55306.2969
202316 55586.3594
202317 55577.6914
202318 55559.668
202320 55222.8633
202322 55488.1719
202324 55127.1523
202325 55066.7422
202327 55249.8672
202328 55513.1484
202329 55347.3633
202332 55589.6641
202333 55583.4961
202335 55036.8789
202336 55540.8984
202338 55551.5703
202339 55447.0625
202341 55281.3828
202342 55184.4961
202343 55149.6836
202344 55377.3359
202346 55194.8984
202347 55037.8789
202348 55009.5703
202349 55388.6133
202350 55120.0352
202355 55223.9141
202357 55612.7227
202359 55079.3398
202360 55142.5117
202361 55465.7148
202362 55082.5703
202364 55157.6562
202371 55043.6328
202372 55664.1758
202373 55650.1094
202374 55225.582
202375 55465.6914
202377 55241.5156
202379 55297.4062
202380 55625.2031
202381 55212.5
202382 55045.8125
202384 55578.6484
202385 55590.293
202386 55262.6055
202387 55155.6484
202389 55078.9062
202390 55366.043
202393 55111.6406
202394 55273.9727
202397 55095.7383
202398 55203.4961
202399 55271.0508
202402 55171.8789
202404 55386.8945
202405 55392.5078
202407 55021.9688
202411 55356.8164
202414 55503.4922
202416 55463.3125
202417 55508.1406
202418 55425.5273
202419 55639.4141
202421 55075.7148
202422 55379.5938
202424 55199.082
202425 55260.0898
202426 55421.832
202428 55180.7031
202430 55268.3008
202431 55400.8906
202432 55466.1875
202434 55101.9727
202435 55519.5625
202436 55429.3477
202438 55512.3203
202439 55630.3633
202440 55087.8867
202441 55450.75
202442 55677.1797
202445 55359.1992
202447 55245.9961
202449 55059.2578
202451 55414.1328
202452 55133.5508
202453 55063.1289
202456 55326.7852
202457 55075.875
202458 55407.1133
202461 55553.2891
202464 55519.0508
202465 55513.1914
202466 55262.9492
202468 55319.0117
202471 55539.2695
202473 55202.6445
202474 55581.7305
202475 55124.7773
202476 55121.1367
202477 55019.7031
202479 55405.3594
202483 55561.3789
202484 55599.6641
202485 55275.4805
202486 55362.7852
202487 55652.6602
202488 55133.7617
202489 55442.1172
202492 55320.3164
202493 55347.2188
202494 55581.5586
202495 55320.7461
202496 55090.7461
202498 55383.1094
202499 55203.7031
202501 55034.9609
202506 55206.5625
202508 55455.6562
202509 55075.4766
202511 55176.9414
202512 55016.6211
202513 55541.4492
202514 55179.7617
202517 55462.7422
202518 55390.8906
202519 55655.1406
202520 55495.4102
202521 55584.0312
202522 55293.3047
202523 55337.4375
202524 55428.8594
202525 55441.3086
202526 55071.0742
202527 55187.0039
202529 55020.7422
202530 55405.2773
202531 55386.6641
202532 55376.1133
202533 55040.1055
202534 55079.3281
202535 55286.0391
202537 55060.7578
202538 55659.457
202539 55496.3555
202541 55038.6133
202545 55169.168
202550 55552.0234
202551 55304.6719
202552 55168.3398
202556 55061.918
202557 55139.3125
202559 55048.8438
202560 55010.6602
202563 55579.8633
202564 55467.3477
202565 55313.6953
202568 55267.3281
202569 55570.75
202570 55410.5195
202571 55504.2852
202572 55197.1719
202573 55227.4883
202575 55422.7773
202576 55622.0938
202578 55514.7422
202579 55665.4531
202580 55103.1719
202581 55066.1133
202584 55639.082
202585 55289.1562
202588 55404.2812
202589 55646.8125
202590 55529.4727
202591 55414.9219
202593 55702.5195
202594 55557.9102
202596 55208.9492
202597 55168.6523
202598 55312.3828
202605 55432.2188
202606 55142.1836
202607 55125.2266
202612 55577.7695
202613 55013.4883
202614 55043.7383
202615 55024.8828
202616 55481.2852
202617 55601.7109
202618 55230.3906
202619 55632.6562
202620 55296.8711
202623 55140.6562
202624 55576.0352
202626 55484.7617
202628 55519.6094
202631 55392.9648
202632 55463.9492
202634 55560.043
202635 55482.1133
202636 55644.8203
202641 55129.5742
202643 55154.957
202644 55370.8008
202645 55166.4609
202648 55263.8984
202649 55295.6133
202651 55094.1055
202652 55616.543
202653 55167.7383
202654 55688.6602
202660 55291.2422
202661 55452.8125
202662 55223.2109
202663 55134.2188
202664 55171.6953
202666 55087.6719
202667 55077.8242
202669 55278.3086
202671 55587.8438
202672 55684.4375
202673 55615.6172
202677 55413.8633
202678 55637.0742
202679 55456.2031
202680 55313.8359
202682 55147.4766
202686 55034.2109
202687 55318.9375
202691 55039.4766
202694 55267.457
202695 55109.375
202696 55531.8672
202697 55068.2305
202698 55127.7148
202699 55381.875
202700 55608.4531
202701 55290.082
202702 55672.6523
202703 55666.4141
202704 55214.5977
202706 55620.2305
202707 55115.4609
202708 55564.8477
202710 55445.5078
202711 55444.1289
202713 55585.0508
202714 55559.375
202715 55566.1406
202716 55398.668
202717 55082.0625
202718 55646.2461
202720 55177.6445
202721 55437.9922
202723 55700.6133
202724 55364.1562
202728 55091.2773
202729 55443.0781
202731 55498.7734
202733 55331.4453
202734 55317.25
202735 55197.1172
202736 55479.7227
202737 55133.9922
202739 55360.75
202740 55044.9102
202741 55022.1094
202742 55132.4766
202743 55503.3984
202744 55407.1133
202748 55635.75
202755 55056.2539
202756 55173.9336
202757 55285.3594
202758 55209.082
202759 55280.668
202760 55318.1523
202765 55458.1211
202767 55367.2227
202770 55490.0391
202771 55253.8672
202772 55195.8906
202774 55559.1953
202781 55035.832
202783 55493.1133
202784 55304.6602
202786 55030.8047
202787 55544.543
202789 55249.1641
202791 55309.2656
202792 55587.7773
202794 55460.9531
202796 55097.4648
202797 55507.1445
202800 55021.9219
202802 55624.6445
202804 55184.4297
202805 55018.8672
202807 55329.5664
202809 55656.2383
202810 55521.4844
202811 55404.3984
202812 55305.7812
202813 55494.8672
202814 55190.6484
202815 55473.707
202817 55057.5664
202818 55473.0469
202820 55541.2969
202821 55153.4766
202825 55210.418
202828 55104.9727
202829 55209.8945
202830 55390.5898
202832 55465.8203
202834 55084.1875
202835 55176.0508
202838 55541.9727
202839 55608.2148
202840 55541.918
202841 55486.5859
202842 55540.9453
202843 55582.3867
202847 55438.418
202848 55545.2891
202850 55441.2695
202851 55340.3828
202853 55182.875
202855 55299.6719
202856 55281.2461
202858 55445.3867
202860 55442.4297
202861 55476.4922
202864 55117.8125
202865 55064.8359
202866 55211.0781
202867 55238.5664
202868 55613.2383
202869 55338.3477
202870 55272.1445
202871 55388.6133
202872 55684.8672
202874 55636.2266
202876 55600.0781
202877 55308.3594
202879 55658.6602
202880 55087.7578
202881 55337.8047
202882 55076.9414
202883 55631.9648
202884 55629.0312
202886 55032.6211
202887 55242.3945
202889 55678.8984
202890 55484.1719
202892 55245.3672
202893 55331.3711
202894 55565.293
202897 55322.5117
202898 55632.793
202902 55469.5469
202903 55235.9648
202905 55078.4766
202906 55203.6953
202907 55537.6914
202908 55062.6367
202909 55370.5625
202912 55555.3828
202914 55171.8164
202916 55318.4336
202919 55188.5273
202920 55196.7344
202921 55131.7539
202922 55422.9609
202924 55063.332
202925 55022.1406
202927 55360.5859
202929 55434.3203
202930 55015.6055
202931 55104.0352
202932 55164.3555
202933 55032.2109
202935 55499.4883
202937 55180.9219
202938 55457.5039
202939 55708.8984
202940 55527.8633
202941 55492.9141
202942 55082.3008
202943 55490.9961
202944 55383.0
202946 55550.7422
202947 55540.7852
202949 55691.3516
202951 55033.0625
202952 55275.125
202953 55067.4961
202954 55466.0938
202955 55613.4414
202957 55146.7852
202959 55080.8828
202960 55129.6211
202962 55616.3711
202963 55304.6172
202964 55690.3555
202965 55054.457
202967 55340.4023
202969 55221.4531
202970 55076.1016
202971 55501.3945
202972 55338.9141
202976 55189.7891
202978 55382.5547
202982 55415.2422
202983 55006.5391
202984 55324.2656
202985 55658.7852
202987 55678.4375
202988 55355.3945
202989 55399.1875
202994 55642.7656
202995 55397.4844
202997 55289.1836
202998 55424.2969
202999 55179.9922
203002 55570.6289
203004 55070.9766
203005 55452.5391
203006 55338.2734
203010 55174.2539
203012 55284.4336
203013 55410.1016
203015 55267.9453
203019 55408.457
203020 55561.9922
203021 55136.1406
203022 55445.4258
203023 55082.9102
203024 55562.8398
203026 55579.7969
203027 55093.2148
203029 55434.4922
203030 55407.6602
203032 55244.6914
203033 55299.0312
203034 55456.3086
203036 55552.3242
203037 55280.375
203039 55519.9492
203046 55492.4023
203047 55606.9023
203048 55080.8867
203050 55449.4883
203051 55112.7422
203052 55209.6758
203053 55479.9766
203054 55077.5508
203055 55050.5703
203056 55030.6562
203058 55281.9492
203059 55318.0352
203063 55542.375
203064 55029.4688
203067 55555.7539
203069 55261.5898
203072 55198.2422
203073 55661.3555
203074 55189.5312
203076 55510.5977
203077 55567.707
203081 55317.2422
203082 55201.6133
203083 55177.375
203086 55196.8477
203087 55149.9883
203088 55313.2188
203089 55636.8516
203090 55123.5781
203092 55222.7773
203095 55286.918
203096 55680.3945
203098 55432.5234
203099 55711.8984
203100 55068.0703
203102 55680.9297
203103 55354.3594
203104 55289.1406
203106 55050.8242
203109 55435.1328
203110 55333.0312
203112 55598.4609
203113 55658.2852
203114 55291.4648
203116 55540.1328
203118 55588.7617
203119 55041.3281
203121 55555.3516
203122 55157.2539
203123 55534.4453
203127 55252.3281
203128 55462.1172
203130 55051.3984
203133 55526.8672
203134 55365.4883
203135 55497.9727
203137 55062.4414
203139 55694.9609
203140 55338.3242
203141 55329.0195
203142 55562.3633
203144 55167.1836
203147 55024.625
203148 55340.9609
203149 55296.7383
203150 55557.4414
203153 55351.9844
203154 55439.3906
203155 55059.1211
203157 55596.4023
203158 55568.9297
203159 55276.0742
203160 55643.3242
203161 55432.8008
203163 55415.6797
203164 55173.8672
203166 55573.6875
203168 55607.4102
203170 55612.2305
203171 55575.4492
203172 55375.1719
203174 55285.1953
203175 55476.1914
203181 55367.8398
203182 55094.3945
203184 55135.75
203185 55337.5195
203186 55346.2891
203187 55227.1211
203189 55634.9961
203190 55245.3438
203191 55115.582
203192 55076.1562
203193 55412.8672
203195 55244.4258
203196 55218.4453
203197 55080.6523
203199 55636.1367
203200 55119.4688
203201 55430.4648
203202 55375.9844
203205 55659.0039
203207 55445.625
203212 55018.9805
203213 55102.9922
203214 55015.6953
203215 55456.6484
203216 55301.125
203217 55614.4492
203218 55166.9102
203219 55428.9023
203220 55145.2539
203221 55706.8633
203222 55138.8594
203223 55678.0859
203224 55309.1523
203225 55546.7305
203226 55387.957
203229 55381.9414
203230 55413.9492
203232 55199.0117
203234 55674.5469
203235 55444.3164
203236 55151.9453
203238 55166.9258
203240 55328.2344
203241 55459.6328
203243 55336.1992
203244 55626.4141
203246 55402.0
203247 55150.8672
203248 55339.6289
203249 55188.2734
203250 55571.6641
203251 55353.7344
203252 55048.7695
203253 55104.4258
203254 55671.0312
203256 55240.4961
203258 55412.1445
203260 55639.0195
203262 55359.2422
203263 55400.6211
203265 55620.7891
203267 55097.793
203268 55216.4336
203272 55352.3789
203274 55246.0078
203275 55487.8516
203277 55396.9102
203278 55337.3828
203280 55048.2344
203281 55029.4961
203282 55081.3164
203283 55073.1133
203285 55227.9922
203286 55534.9336
203288 55468.0352
203290 55324.4219
203291 55283.1406
203294 55598.8164
203295 55015.1133
203297 55038.0664
203298 55224.5781
203301 55318.7812
203302 55545.9531
203303 55477.7305
203305 55484.3516
203307 55190.2773
203308 55042.7305
203310 55346.9609
203311 55092.7031
203313 55375.9492
203314 55144.4805
203315 55368.375
203316 55545.6523
203318 55496.6094
203319 55180.6484
203320 55208.5586
203321 55270.8633
203324 55102.7852
203326 55328.668
203327 55182.0391
203328 55173.3555
203329 55584.3047
203330 55337.8281
203333 55062.4844
203335 55316.3125
203336 55276.125
203338 55566.0508
203340 55213.7656
203341 55050.3789
203342 55135.4375
203343 55468.2773
203344 55251.1172
203345 55240.7109
203346 55660.5938
203347 55387.582
203348 55029.3203
203350 55437.918
203351 55481.043
203353 55400.9102
203354 55007.7656
203356 55283.8789
203357 55551.9648
203358 55624.0195
203359 55267.1211
203361 55506.5391
203363 55120.7969
203364 55006.4102
203365 55288.75
203367 55565.6719
203368 55130.5977
203371 55650.3945
203372 55277.0352
203373 55693.9648
203374 55068.0273
203375 55160.5
203376 55568.0078
203377 55550.2422
203378 55309.0508
203379 55632.9336
203380 55591.6992
203383 55109.7734
203384 55157.9375
203385 55382.2539
203386 55172.9766
203387 55245.4883
203388 55109.6406
203390 55266.0586
203391 55627.5352
203395 55476.2695
203398 55032.1719
203400 55173.0195
203403 55202.2422
203404 55370.918
203406 55055.207
203408 55481.2539
203409 55099.207
203414 55345.1836
203417 55157.9414
203419 55699.4922
203421 55451.1172
203422 55711.2031
203423 55546.7305
203424 55166.4844
203426 55594.1055
203428 55447.2969
203430 55027.1914
203431 55365.418
203432 55141.7891
203434 55417.9141
203435 55319.2891
203436 55407.9531
203437 55419.0859
203438 55392.793
203439 55402.6445
203440 55136.2539
203441 55019.3711
203442 55253.7344
203447 55673.7734
203454 55471.4531
203458 55246.793
203459 55457.5
203460 55020.0547
203461 55521.4805
203462 55183.668
203463 55146.8672
203468 55266.9922
203471 55046.7188
203472 55476.9805
203473 55647.1367
203477 55241.0625
203478 55166.8008
203479 55267.8086
203480 55162.9727
203481 55142.0195
203482 55036.293
203483 55304.8555
203486 55331.4727
203487 55492.7617
203489 55185.7031
203490 55266.4297
203491 55440.0156
203492 55065.2227
203496 55013.3828
203497 55385.3672
203500 55087.2422
203501 55640.8438
203502 55358.1289
203503 55559.8516
203504 55536.8359
203506 55692.2305
203507 55327.3906
203509 55271.7109
203510 55642.3164
203511 55622.1211
203512 55553.0625
203513 55184.1797
203515 55431.2344
203517 55417.1016
203518 55582.207
203521 55159.4258
203524 55022.9805
203525 55041.6797
203526 55461.4609
203529 55271.25
203530 55539.8789
203531 55268.4883
203533 55512.0625
203534 55178.7148
203535 55213.0469
203537 55578.4414
203540 55644.25
203541 55430.6172
203542 55184.2812
203543 55569.0117
203544 55547.2852
203547 55201.8789
203548 55333.6914
203550 55505.9609
203552 55111.1523
203553 55278.7734
203554 55460.0742
203555 55127.5117
203556 55389.9844
203557 55337.0156
203558 55090.9297
203559 55296.9453
203560 55398.5586
203561 55394.7578
203562 55533.4805
203563 55566.6992
203564 55595.1836
203565 55105.8906
203566 55555.3008
203567 55114.293
203568 55651.7422
203569 55254.7227
203570 55058.8164
203572 55610.7695
203573 55032.3359
203574 55380.4531
203575 55072.7305
203576 55289.4023
203577 55183.3711
203578 55051.3945
203582 55173.6328
203584 55275.6836
203585 55120.2891
203586 55213.2969
203588 55241.0352
203591 55544.7031
203592 55592.7227
203593 55163.4961
203595 55311.2188
203596 55378.6641
203598 55410.0352
203599 55637.1797
203601 55159.4336
203603 55495.6133
203604 55350.1445
203605 55275.3555
203606 55016.9688
203607 55419.8242
203608 55468.7031
203609 55546.4883
203611 55405.0938
203617 55171.5898
203620 55518.207
203621 55028.7227
203622 55320.5156
203624 55437.9297
203625 55182.082
203626 55255.4492
203627 55665.5
203628 55489.9102
203629 55311.7031
203632 55290.332
203635 55193.2305
203636 55070.125
203637 55602.6875
203638 55600.6758
203639 55672.2188
203640 55508.8047
203641 55148.6094
203643 55035.4883
203645 55196.0898
203646 55187.7188
203647 55017.4492
203649 55568.8906
203650 55598.0508
203652 55142.6445
203654 55367.5781
203656 55664.4766
203657 55377.2383
203658 55124.793
203659 55085.4062
203660 55622.7461
203661 55103.6445
203664 55453.3789
203665 55243.6875
203666 55344.1445
203667 55465.6836
203668 55624.5898
203669 55388.9414
203670 55540.0234
203672 55089.8047
203674 55283.5195
203675 55501.1914
203676 55198.2695
203677 55335.5234
203678 55343.4922
203679 55600.4844
203680 55393.0234
203681 55143.332
203682 55123.6172
203683 55080.7656
203684 55633.1367
203686 55487.4922
203687 55101.668
203688 55443.4531
203689 55602.2773
203692 55611.2422
203693 55046.125
203695 55083.5352
203696 55310.1992
203697 55669.9258
203699 55447.9688
203701 55374.668
203702 55107.5664
203705 55430.5508
203706 55507.2656
203708 55593.1641
203712 55384.6328
203714 55225.2578
203716 55415.2188
203718 55046.5625
203719 55101.2539
203720 55338.5977
203721 55042.6953
203722 55672.7305
203727 55649.1211
203728 55524.3594
203729 55514.4648
203730 55637.6172
203731 55619.332
203734 55055.1328
203735 55378.5352
203738 55340.457
203740 55151.5
203742 55640.4453
203743 55058.1797
203745 55182.0977
203746 55049.0781
203747 55659.8594
203748 55495.2266
203749 55172.8398
203750 55632.7344
203751 55063.6641
203752 55094.0664
203753 55215.1445
203754 55061.457
203755 55683.9805
203757 55347.1992
203760 55442.6328
203762 55059.0742
203767 55341.8359
203768 55420.6211
203770 55475.5664
203771 55311.9727
203773 55407.0703
203775 55050.25
203778 55654.7148
203779 55017.5078
203780 55120.7422
203782 55258.5195
203783 55350.9336
203784 55320.3438
203785 55175.8359
203786 55405.1406
203788 55060.3672
203791 55189.2852
203793 55565.3789
203794 55153.7266
203795 55065.0352
203797 55276.3555
203799 55065.3008
203801 55417.7266
203802 55338.7969
203803 55371.8242
203804 55601.0781
203805 55450.4062
203807 55584.5117
203808 55481.8984
203810 55343.8438
203811 55429.3203
203812 55059.0625
203813 55318.625
203814 55405.9805
203815 55698.8086
203816 55499.6953
203820 55512.5234
203821 55484.0703
203822 55048.3242
203824 55527.625
203826 55031.3398
203827 55549.8867
203829 55177.9492
203831 55112.4062
203832 55061.1641
203833 55585.5664
203834 55153.375
203837 55451.5742
203839 55372.8008
203840 55276.0938
203841 55153.875
203842 55593.3164
203843 55478.9336
203844 55048.8516
203846 55326.7969
203849 55388.7812
203850 55696.7266
203851 55675.5469
203853 55302.7812
203854 55011.6562
203855 55651.0
203856 55694.0859
203857 55353.2773
203858 55500.2305
203859 55312.0938
203861 55107.293
203862 55286.8789
203863 55251.9727
203864 55194.6758
203865 55567.168
203866 55173.3281
203868 55161.2383
203869 55329.0703
203870 55568.1328
203871 55440.6992
203874 55493.0273
203878 55399.3281
203879 55375.832
203880 55266.832
203883 55622.8906
203884 55633.1328
203886 55483.5273
203887 55323.332
203891 55314.2891
203892 55317.5547
203897 55530.8047
203898 55394.6836
203899 55430.8086
203900 55125.6133
203903 55511.2109
203904 55185.6445
203905 55170.0508
203907 55113.4688
203908 55337.5625
203909 55197.207
203910 55186.9297
203911 55602.0781
203918 55521.6055
203919 55075.5898
203920 55318.0469
203921 55426.5625
203922 55692.8242
203923 55663.9805
203926 55710.0625
203928 55555.7227
203930 55389.5234
203931 55512.6992
203933 55625.5039
203934 55613.5273
203936 55009.9688
203937 55086.2383
203941 55508.8047
203942 55218.6758
203944 55232.6875
203946 55341.8555
203947 55257.1602
203950 55061.668
203952 55043.3164
203953 55569.6328
203954 55018.8125
203955 55151.457
203956 55269.1289
203957 55444.3242
203959 55419.3203
203960 55293.5898
203961 55487.7578
203964 55408.2109
203965 55060.7109
203966 55167.8906
203967 55451.8398
203968 55598.918
203969 55143.8242
203970 55291.7891
203971 55173.5625
203972 55261.8086
203973 55224.9531
203975 55120.7773
203978 55680.6914
203984 55580.1953
203985 55177.625
203987 55502.2969
203988 55307.5117
203990 55320.4648
203991 55386.9492
203994 55178.4453
203999 55410.8086
204001 55213.4062
204002 55609.0742
204003 55087.9688
204004 55432.0547
204005 55231.043
204006 55520.2773
204007 55397.9023
204008 55182.793
204009 55673.6914
204010 55450.4297
204012 55154.6094
204013 55644.4102
204015 55373.0547
204016 55283.2461
204017 55021.1758
204018 55273.918
204019 55476.332
204020 55141.8125
204023 55136.6875
204024 55576.75
204026 55004.6133
204027 55510.5469
204028 55339.8945
204029 55430.9062
204030 55585.7188
204031 55482.7734
204032 55699.0195
204034 55283.5156
204035 55715.5117
204036 55276.7109
204041 55536.4727
204044 55302.9375
204046 55469.8008
204048 55365.7695
204050 55328.4102
204052 55489.5586
204053 55602.7539
204054 55618.7305
204055 55417.6914
204056 55619.0156
204057 55364.6289
204058 55425.5898
204061 55373.6133
204062 55241.9531
204064 55535.5977
204065 55050.8398
204071 55708.4688
204073 55375.418
204075 55194.582
204077 55575.5625
204079 55138.2695
204080 55406.0938
204081 55389.1133
204083 55521.9453
204084 55313.5742
204085 55243.4141
204086 55372.3711
204087 55324.4883
204088 55496.6211
204090 55348.9258
204091 55524.2188
204094 55033.3984
204095 55418.9961
204096 55258.6641
204097 55027.6367
204099 55452.3086
204101 55423.3164
204103 55441.0391
204104 55097.9414
204113 55306.793
204115 55633.6797
204117 55611.6914
204118 55194.082
204119 55539.5039
204120 55144.4922
204121 55058.0312
204122 55319.9453
204123 55471.9766
204124 55678.332
204125 55226.3086
204126 55379.9727
204127 55289.8242
204130 55333.7461
204132 55109.6758
204133 55298.9102
204136 55636.7383
204138 55563.0703
204139 55291.6211
204140 55126.207
204141 55125.8047
204142 55447.6211
204144 55573.4141
204145 55434.5078
204146 55156.7305
204148 55247.5
204149 55401.1523
204150 55536.5469
204155 55356.7266
204160 55428.3711
204162 55574.8281
204163 55425.3164
204165 55098.8438
204168 55050.1484
204170 55409.3984
204171 55636.1133
204172 55240.4102
204173 55126.2461
204174 55552.3398
204177 55090.8281
204178 55428.582
204180 55224.8125
204181 55686.1992
204183 55293.0
204185 55525.7266
204186 55587.1758
204187 55444.7383
204191 55581.2695
204192 55050.6328
204194 55614.5
204195 55481.8203
204199 55649.6953
204201 55663.3086
204202 55421.6367
204204 55234.457
204205 55335.2305
204209 55172.6016
204210 55664.7578
204211 55642.0469
204213 55557.5742
204214 55626.4961
204215 55482.2695
204217 55223.2266
204218 55300.8203
204220 55436.7891
204222 55511.668
204224 55550.7383
204227 55503.5859
204228 55502.0703
204229 55160.3828
204231 55017.6836
204233 55470.5859
204234 55223.7461
204236 55099.1602
204237 55358.3984
204240 55472.3164
204242 55375.5625
204243 55433.2773
204244 55129.5352
204245 55054.3008
204248 55419.8867
204252 55223.8945
204254 55342.668
204256 55065.3789
204258 55687.1523
204259 55214.6992
204261 55436.1797
204262 55073.2227
204264 55248.9805
204265 55144.3359
204267 55057.2773
204268 55089.6875
204270 55077.4453
204272 55617.2656
204273 55468.2461
204274 55404.9414
204279 55338.0117
204281 55244.8242
204282 55081.7852
204284 55616.6719
204285 55329.6992
204287 55387.4023
204289 55048.1328
204290 55536.582
204291 55113.5781
204293 55565.4766
204294 55546.8125
204295 55333.6719
204296 55445.5859
204297 55222.5977
204299 55594.6133
204300 55342.25
204302 55039.2578
204303 55646.707
204304 55091.9141
204306 55682.2617
204307 55272.8359
204310 55235.7188
204311 55592.2188
204313 55467.3086
204314 55615.7539
204315 55363.6484
204319 55145.0938
204320 55059.4883
204322 55326.9062
204323 55208.2969
204325 55131.2031
204326 55474.6094
204328 55348.0859
204330 55086.3594
204332 55035.8281
204333 55151.6875
204335 55186.3867
204338 55380.6758
204339 55408.6562
204340 55202.625
204341 55213.2109
204345 55356.1055
204347 55483.8516
204352 55321.6172
204354 55548.8359
204355 55068.6445
204357 55635.6758
204358 55303.4922
204360 55444.918
204361 55328.5625
204362 55067.3477
204363 55013.7305
204364 55107.707
204365 55077.5391
204367 55288.3789
204368 55217.3125
204369 55450.8477
204372 55568.6992
204373 55393.2227
204375 55104.8789
204376 55520.4375
204378 55135.1406
204380 55189.6484
204383 55504.3906
204384 55414.1094
204385 55684.9375
204388 55163.4844
204390 55306.3711
204392 55388.3477
204393 55672.9102
204394 55283.0664
204397 55338.5547
204399 55499.0195
204401 55237.0352
204403 55427.8945
204404 55008.9297
204405 55654.7578
204406 55255.4414
204407 55704.7148
204409 55453.6875
204410 55619.9336
204412 55396.7148
204413 55104.7812
204415 55395.4102
204417 55361.5195
204418 55291.1562
204419 55062.1719
204421 55306.6836
204422 55466.1055
204428 55271.457
204429 55298.5234
204430 55028.4805
204431 55023.418
204432 55261.7852
204433 55141.9297
204434 55536.9805
204436 55574.043
204438 55540.1641
204439 55595.75
204440 55294.2383
204441 55128.3164
204442 55030.7617
204443 55597.1445
204444 55589.0391
204446 55628.9961
204448 55494.0703
204449 55502.9219
204451 55073.3164
204453 55260.7109
204454 55276.5234
204455 55054.5273
204457 55357.1172
204459 55168.543
204460 55629.3047
204461 55245.2812
204463 55510.3281
204464 55293.9375
204466 55404.2852
204468 55391.2773
204469 55690.3516
204470 55334.0
204472 55062.1914
204473 55428.5977
204474 55489.9141
204476 55296.9609
204477 55307.8203
204478 55504.7656
204479 55398.6133
204481 55602.2461
204482 55493.1523
204484 55442.7422
204485 55564.7852
204486 55541.3633
204487 55081.7734
204488 55607.5898
204489 55181.3047
204490 55463.8516
204492 55145.7773
204494 55130.2344
204496 55606.1328
204497 55256.082
204498 55565.375
204499 55392.1875
204500 55286.207
204502 55218.5586
204503 55695.4297
204504 55024.0664
204506 55050.0781
204507 55237.8555
204508 55166.4219
204510 55374.8633
204512 55555.3711
204513 55185.0078
204515 55316.3672
204516 55367.7656
204517 55607.6328
204519 55336.5664
204520 55387.8984
204521 55266.8867
204524 55145.8711
204527 55434.6484
204528 55298.543
204529 55048.3984
204530 55060.8984
204531 55090.7695
204533 55231.8633
204534 55628.918
204536 55166.3633
204537 55322.1445
204540 55199.6328
204541 55512.4258
204542 55244.5977
204543 55140.2188
204544 55552.8594
204545 55389.5469
204547 55311.2617
204548 55504.7969
204549 55332.1133
204553 55685.2109
204555 55493.6953
204558 55176.75
204559 55663.0117
204560 55371.2148
204561 55377.2969
204564 55118.8438
204565 55195.4023
204566 55140.457
204568 55077.8906
204569 55579.0078
204571 55261.2617
204573 55389.6055
204574 55329.9492
204575 55012.8828
204576 55519.0234
204578 55029.5352
204579 55542.7773
204581 55506.0938
204582 55049.1211
204583 55082.2852
204584 55324.0625
204586 55544.8203
204587 55592.6875
204588 55480.5234
204590 55309.7695
204591 55260.375
204592 55273.8984
204593 55250.8828
204595 55610.3398
204596 55280.5547
204597 55338.6445
204598 55580.5156
204601 55392.6875
204602 55371.0
204604 55081.7383
204606 55047.0469
204607 55170.3945
204610 55309.1836
204611 55037.3281
204613 55493.2734
204614 55078.0312
204617 55095.2031
204618 55287.9531
204621 55308.4609
204623 55453.3242
204624 55471.5469
204625 55252.4336
204629 55089.1992
204630 55201.3672
204631 55075.0273
204633 55532.6445
204635 55050.3555
204636 55023.9922
204640 55040.457
204641 55535.9375
204642 55341.1719
204643 55317.5391
204644 55341.4219
204646 55171.6445
204648 55365.2422
204650 55500.9922
204652 55117.7773
204653 55186.082
204654 55575.8438
204656 55511.125
204657 55496.9531
204659 55282.9609
204660 55469.8984
204661 55359.5547
204662 55306.4336
204664 55492.9609
204665 55417.0781
204666 55582.2852
204669 55125.6836
204670 55139.9102
204671 55086.8125
204677 55133.4336
204678 55401.6055
204680 55598.6055
204681 55397.0586
204682 55112.6953
204683 55074.0039
204684 55181.9531
204686 55289.7656
204687 55068.2109
204688 55175.0469
204692 55493.6055
204693 55027.7109
204697 55352.0547
204698 55561.8164
204702 55565.6445
204703 55323.2969
204706 55539.2773
204708 55717.0586
204709 55619.6406
204710 55129.4062
204711 55339.3008
204712 55547.168
204714 55290.6797
204715 55387.4141
204717 55396.0469
204722 55101.4531
204723 55388.1953
204724 55075.2773
204727 55686.4961
204729 55282.2031
204730 55343.7578
204731 55602.332
204733 55365.3047
204735 55235.1055
204738 55028.1562
204740 55374.1992
204741 55617.918
204742 55318.875
204744 55672.0312
204745 55578.4258
204747 55289.0078
204750 55343.3398
204752 55079.2461
204755 55115.2852
204759 55061.6289
204760 55344.9102
204762 55092.6445
204763 55467.918
204764 55284.4062
204766 55391.7695
204767 55207.7344
204768 55475.2148
204772 55625.0156
204774 55576.5234
204775 55456.832
204776 55314.2188
204777 55170.1406
204780 55180.8438
204781 55362.4688
204782 55141.2305
204784 55478.0859
204786 55334.9844
204787 55142.2969
204788 55481.7109
204790 55026.3906
204791 55586.5625
204792 55071.4883
204793 55485.5
204797 55309.9219
204799 55398.8359
204800 55581.1562
204801 55409.3672
204804 55312.0039
204805 55533.5234
204808 55092.9492
204810 55074.8281
204814 55151.1172
204816 55600.5859
204817 55320.2383
204818 55456.9219
204821 55603.3828
204822 55199.1211
204823 55121.0703
204824 55588.5273
204825 55105.6875
204826 55370.4648
204829 55498.4766
204830 55384.8398
204831 55411.543
204832 55149.9297
204836 55644.1758
204837 55216.8359
204838 55275.918
204839 55174.6133
204841 55310.418
204842 55604.1445
204843 55303.5547
204845 55617.9297
204846 55508.9766
204847 55489.4883
204848 55419.0898
204850 55346.0508
204851 55156.4609
204854 55135.6133
204855 55238.25
204856 55313.2695
204857 55385.7109
204858 55253.4453
204860 55192.7617
204861 55565.8242
204862 55190.4141
204864 55265.2266
204866 55668.6055
204868 55107.9258
204869 55043.6992
204870 55192.2109
204871 55204.6055
204873 55694.2773
204874 55443.5586
204875 55577.2188
204876 55405.4531
204879 55153.0859
204881 55283.3516
204883 55464.582
204884 55192.9727
204886 55363.6289
204887 55222.9688
204889 55346.4609
204890 55483.0391
204891 55238.8516
204892 55510.3828
204893 55328.2031
204894 55509.3281
204895 55475.9375
204898 55316.3164
204899 55167.1875
204901 55245.543
204902 55167.7891
204906 55164.9727
204907 55687.8281
204910 55097.8203
204911 55133.3242
204912 55487.1875
204913 55218.9922
204914 55177.0117
204915 55613.2734
204916 55266.4102
204917 55609.9805
204918 55073.0078
204919 55262.293
204923 55152.7266
204924 55555.582
204926 55338.6172
204932 55358.3398
204934 55208.2695
204938 55571.3633
204942 55303.0547
204946 55509.8594
204947 55492.7617
204948 55443.7852
204950 55002.2109
204951 55097.4102
204952 55250.0781
204954 55560.125
204955 55379.2109
204956 55086.543
204957 55603.6836
204959 55190.8125
204960 55418.5781
204961 55386.7109
204962 55269.2461
204963 55544.4805
204964 55660.0391
204966 55107.8438
204970 55186.4883
204971 55262.5664
204973 55650.293
204976 55686.2383
204977 55578.0977
204980 55601.8008
204983 55644.5898
204985 55407.293
204986 55670.1602
204987 55061.8008
204988 55595.4531
204991 55435.8281
204992 55518.7031
204994 55518.1445
204995 55568.1484
204997 55096.3633
100002 60959.1445
100003 60789.5469
100005 61096.7852
100009 61174.9766
100010 60968.1016
100011 60844.2031
100012 60908.9531
100018 60809.2539
100019 61169.832
100021 61135.0781
100029 60918.3594
100031 60961.6367
100032 61110.0273
100034 60945.7891
100035 61058.6094
100042 60873.0938
100045 61143.1094
100047 61100.5859
100048 60924.6094
100050 60819.9648
100056 61032.3203
100065 61101.9961
100069 61187.3984
100070 61080.0898
100072 60873.625
100073 61011.6992
100076 60850.6992
100078 61144.8867
100079 61123.1562
100080 60991.8828
100083 60936.293
100084 60923.2266
100087 60887.8125
100091 61103.3984
100092 60921.1953
100093 60870.7188
100095 61034.5391
100096 60966.3789
100098 60976.375
100101 60954.4492
100104 61088.3281
100107 61143.125
100109 61093.9492
100113 60871.7188
100115 61119.5
100117 61057.0703
100119 61094.5156
100120 60817.8281
100122 60908.2305
100123 60992.6953
100127 60857.3086
100128 60845.9062
100136 60839.5625
100138 60870.582
100141 61044.25
100144 60853.0039
100146 60944.6055
100150 60947.4297
100151 60957.7812
100152 61135.0664
100158 61170.1211
100159 60864.9883
100160 60885.7852
100163 61080.8125
100167 60790.7773
100168 60982.75
100169 61032.6367
100173 61128.4062
100174 60856.2383
100175 61128.9844
100176 61011.5
100182 61076.8477
100183 60986.1289
100184 60942.543
100185 61110.8242
100186 61100.5781
100189 60942.0547
100190 61172.5039
100191 61101.9688
100193 60893.9023
100194 61058.8555
100195 60919.2148
100200 60867.6602
100201 60927.8828
100203 60936.3359
100208 61132.9766
100212 60911.8789
100215 61001.7617
100216 61168.0898
100217 61073.5078
100220 61091.168
100221 60908.4375
100223 61027.2773
100226 60966.9492
100232 60981.4609
100235 60999.5547
100238 60960.4531
100239 60979.3125
100240 61111.0469
100244 60980.5781
100246 61030.0742
100251 61097.8828
100253 60935.9688
100257 61070.0781
100260 60870.9688
100261 61143.4102
100271 61154.0195
100272 61100.9922
100277 60795.6914
100279 61036.9688
100282 61068.043
100283 60796.8281
100284 61006.7773
100285 60919.6016
100290 61165.6953
100291 60831.5312
100292 61175.2031
100293 61172.3672
100294 60973.7656
100295 60908.207
100298 60996.1602
100299 60855.1445
100300 60903.9258
100302 60996.2969
100305 60933.1289
100309 61157.3711
100311 61128.1953
100312 61034.3242
100313 60876.1719
100316 60918.3477
100318 60918.3242
100319 60951.625
100323 61105.7344
100324 61156.7109
100327 60801.6641
100330 61012.6406
100332 61079.2422
100333 60878.3086
100334 61145.4805
100336 60799.4258
100340 61001.6289
100341 61063.8633
100342 61150.1211
100345 61076.7266
100346 61138.8359
100351 60948.6055
100352 61137.9688
100356 60870.0664
100358 60787.707
100359 61078.293
100360 61074.9023
100361 60861.3086
100362 60902.6211
100363 61128.0391
100364 61176.7891
100365 60914.8438
100368 61061.9766
100370 61121.6016
100371 61062.6016
100372 60973.9375
100375 61047.293
100378 60845.9414
100380 61021.8789
100390 61063.7578
100392 61144.6875
100394 61101.4609
100396 60792.6367
100399 61064.2891
100405 60793.4102
100406 61198.8086
100408 61026.4102
100410 61048.2188
100411 61149.6641
100412 60822.4727
100418 60943.4609
100420 60978.2617
100421 60791.4258
100423 61168.0625
100424 60963.7109
100425 60916.043
100428 60933.9219
100432 61001.0938
100433 60801.1719
100434 61038.1758
100435 61083.543
100440 61160.9102
100442 60858.0195
100447 60837.8086
100450 61124.75
100451 61126.1289
100452 60876.0781
100453 61077.5156
100455 60816.0078
100460 61148.9336
100461 60840.8203
100462 60922.2227
100463 60973.7422
100469 60918.8047
100471 60930.5039
100473 61095.0977
100475 60950.4961
100476 61138.2578
100477 61131.5625
100481 61067.1406
100483 60987.9609
100485 61163.1914
100488 60984.5234
100490 60816.8398
100492 60953.0469
100494 60965.4375
100496 60875.4453
100497 60842.8008
100500 60943.3281
100504 60873.625
100505 60974.5781
100513 60790.7891
100514 60833.9414
100515 61141.8125
100516 60923.3125
100517 60940.7109
100518 60919.2344
100520 61169.9688
100525 60915.7266
100529 61122.4102
100530 61115.125
100531 61144.2188
100533 61173.3438
100534 61021.8594
100535 60973.2773
100538 61170.3594
100539 61094.375
100542 60878.4492
100543 61068.7031
100544 60966.1602
100549 61184.4023
100550 61138.4219
100552 61064.1406
100558 61013.2109
100559 60873.0586
100563 60918.0039
100564 60907.9414
100568 61002.1211
100571 61013.4023
100573 61101.5078
100576 61084.4648
100579 60843.0
100583 61017.9961
100587 61085.4883
100588 60797.3906
100589 61108.7617
100591 60936.7812
100596 61041.1719
100597 61151.1133
100598 60904.0273
100599 60809.1719
100600 60942.4883
100602 61015.7148
100603 61144.9844
100604 60896.3203
100609 60979.6211
100610 60941.0703
100611 61090.8359
100612 60813.5742
100613 60930.6484
100614 61048.418
100619 60840.3945
100621 60905.4531
100622 61035.8164
100624 60841.0547
100626 60836.8945
100633 61117.1602
100634 60911.043
100636 61001.2461
100637 60831.0938
100642 61013.793
100647 60943.168
100649 61138.3008
100650 61146.4492
100654 60864.8789
100655 61127.9336
100659 60911.8945
100662 60966.8398
100665 61188.4609
100667 60837.1719
100668 60966.418
100670 60948.8828
100672 60937.5977
100673 61006.8711
100674 60907.8047
100678 60848.9961
100682 60987.293
100686 60933.3906
100687 60877.7031
100688 61032.7461
100690 61121.9023
100692 61086.1133
100693 61039.3633
100696 60822.5078
100698 61153.0977
100700 60934.5352
100702 60876.9883
100703 60958.6055
100707 60886.6406
100708 60966.6211
100711 61032.2148
100713 60875.4844
100715 61038.6367
100716 61163.1797
100719 61050.8594
100727 61052.4922
100728 60989.082
100729 60965.6953
100732 60894.2109
100733 60856.9336
100735 60782.4531
100740 60862.457
100741 60895.4414
100742 60846.8555
100747 61143.3086
100751 60860.7656
100754 60805.3477
100757 60940.3906
100759 60976.8984
100760 60875.4219
100765 60821.1523
100769 61168.2383
100770 61050.0273
100773 60921.9453
100782 60989.1055
100783 61149.5273
100785 60907.8984
100786 60793.1562
100789 60970.0273
100792 60844.9883
100794 61071.8398
100795 61120.6484
100796 61168.5312
100798 60966.4766
100801 60949.2344
100803 60917.0742
100807 60873.1797
100808 61007.7461
100810 60872.4414
100811 61001.5781
100814 61111.2461
100815 60888.4414
100816 61011.2344
100818 60816.0156
100819 61116.9922
100821 61022.9492
100823 60971.5664
100826 60901.1172
100828 61063.1523
100834 60973.4141
100841 60867.6211
100842 61079.5117
100844 61000.6719
100846 60874.1484
100851 60869.4336
100852 61096.9297
100853 60934.1133
100854 61188.1055
100858 60964.7461
100860 60867.1562
100863 61015.9336
100864 61149.25
100867 61084.8594
100868 60836.1719
100869 60939.7773
100871 60996.8359
100872 61044.5312
100873 61127.3398
100875 60818.4023
100876 61013.0625
100877 60976.8242
100879 61097.8125
100880 60810.832
100881 61172.5117
100882 61090.7852
100884 61147.9258
100887 60881.8945
100891 60968.7266
100897 61105.9023
100898 60885.1914
100899 60957.3828
100901 60861.7969
100904 60904.1016
100908 61068.125
100909 61110.4453
100910 60931.4023
100911 60857.832
100913 61001.0859
100914 60951.5703
100915 61053.0156
100920 60963.3828
100921 60952.2852
100922 61045.2852
100923 60952.3398
100924 60875.8359
100929 60901.5547
100932 60816.918
100933 60862.0078
100934 61119.0391
100935 60932.6562
100936 61033.3516
100940 60873.4297
100942 61076.5547
100944 60941.2617
100945 60851.1953
100946 60911.4297
100947 60973.1914
100950 60789.3828
100951 61001.668
100953 60802.9062
100954 60894.4102
100956 61201.7148
100957 60950.5391
100959 61152.5938
100960 61055.6445
100961 60883.6797
100963 61186.0938
100964 60899.0664
100967 61115.4141
100973 60790.1758
100977 60897.1133
100982 60981.1836
100983 60983.5977
100984 61155.793
100985 60800.3789
100989 60973.7422
100990 60946.4727
100991 61155.1406
100992 61141.7969
100993 60971.6445
100995 61119.2148
100999 61083.8086
101004 61144.6406
101005 60800.1758
101007 60804.3633
101008 61031.7773
101010 61006.5234
101020 60930.7031
101021 61188.4688
101022 60810.6055
101030 61127.9727
101031 60957.0273
101032 60875.7383
101033 61147.8164
101036 60799.1211
101038 61111.918
101043 61142.1445
101047 60815.7305
101048 60837.1992
101055 61063.2891
101058 61137.625
101062 61011.8164
101063 60872.4609
101073 61067.0781
101074 60903.7148
101076 61105.1914
101081 61024.4766
101083 61070.6133
101085 61087.3477
101087 60887.1055
101091 60825.4023
101101 61146.8516
101106 60922.2891
101110 60950.3281
101112 61108.2344
101116 60813.125
101118 61090.2188
101120 61162.0664
101121 61065.2422
101122 60968.3359
101123 60781.0742
101124 60815.8164
101125 60912.4258
101127 60950.043
101128 60911.5352
101130 61094.6211
101133 60987.3086
101135 61105.7812
101139 60935.8711
101143 60888.3125
101144 60959.0
101149 60880.1484
101150 60970.7148
101152 61035.8477
101154 61132.6523
101156 61159.1836
101157 60990.2617
101158 61031.4727
101161 61120.6094
101162 61065.9766
101166 60894.2539
101167 61035.668
101168 61060.75
101169 61148.2461
101171 60817.4141
101173 60910.4102
101174 61146.0117
101175 61051.1953
101178 60799.8789
101179 60904.168
101180 61031.9258
101181 61025.3828
101183 61159.1758
101185 61134.5039
101186 61092.9141
101187 60928.6133
101190 61059.5234
101193 60854.2344
101194 61089.8047
101196 60886.8828
101197 61078.0234
101200 61169.0547
101203 60804.2734
101209 60987.6719
101214 61012.3242
101216 60794.8281
101222 60871.1562
101223 61194.4531
101224 60934.9961
101225 60965.7305
101229 61113.4492
101230 60981.3047
101232 61138.9336
101233 61105.3398
101235 60944.7852
101236 60989.7227
101238 60884.1406
101244 61080.2734
101247 60960.9648
101252 60863.0781
101257 61163.332
101259 60905.3477
101265 61167.8945
101266 60907.3281
101267 61133.2344
101273 61030.1445
101277 60898.7969
101278 60871.4727
101279 60872.2539
101281 61046.5547
101282 61134.8711
101286 61143.1094
101287 61012.0234
101288 60801.6211
101289 60909.8281
101290 60798.8867
101292 60875.9453
101294 60891.7422
101296 60945.0391
101298 61139.6523
101299 60830.6641
101300 61181.3047
101301 60879.8828
101306 61078.6406
101316 60813.9844
101318 60820.0
101320 61052.1055
101322 61141.0
101326 61084.8867
101328 60996.4531
101335 60998.6719
101336 60792.6211
101339 61151.7852
101340 61125.0391
101341 60927.1289
101345 61008.1602
101347 60869.168
101348 61129.3789
101349 61104.2188
101351 61120.7344
101356 61092.2305
101359 60869.832
101361 60909.9727
101362 60966.1328
101364 60899.875
101369 61174.3281
101370 60854.875
101374 61154.2773
101375 60984.7227
101377 61084.6914
101379 60846.3672
101382 61087.6914
101385 61150.8125
101389 61096.0312
101390 61147.0039
101397 61127.4102
101400 61038.1758
101402 60962.0664
101406 60825.0547
101409 60901.3164
101410 60777.5156
101411 60765.2578
101412 61133.957
101413 60892.6758
101414 60997.0938
101416 61112.6602
101417 61182.5859
101425 61029.375
101427 61022.6406
101429 60895.4844
101430 60912.9102
101431 61073.2461
101432 60908.7812
101436 60796.8203
101438 61037.2812
101439 60882.6328
101440 60949.9219
101441 60845.4609
101443 60984.582
101444 60996.207
101445 61165.1484
101447 61078.9844
101450 61180.2422
101452 61140.582
101454 61074.207
101455 61188.1211
101459 60900.2148
101460 61003.3242
101465 60957.9258
101466 61023.0039
101469 61049.5742
101472 60837.6797
101473 60850.2344
101474 60832.6055
101476 60937.1484
101477 61088.9531
101479 60939.9414
101483 60928.2812
101485 60887.2031
101495 61051.8945
101498 60998.6562
101500 61171.5859
101501 60985.4102
101502 61114.207
101505 61062.4648
101511 60878.9219
101514 61133.2266
101519 61057.7109
101522 61066.8477
101523 61000.8047
101524 60834.8906
101529 60877.4141
101542 61037.1445
101544 61191.0898
101549 60906.4102
101550 60876.0469
101555 60984.2773
101556 61128.9141
101557 61165.0
101558 60818.418
101560 60934.6445
101561 61062.125
101566 60863.2539
101569 61144.5391
101570 61019.4922
101576 60972.2578
101578 61128.4102
101583 60992.7461
101586 60901.9961
101590 60820.875
101596 61152.3164
101598 60837.5938
101600 61036.918
101601 60840.7773
101603 60947.3516
101606 60918.7695
101608 60920.5898
101611 61149.5469
101612 61152.5273
101618 60928.8203
101620 60941.7266
101621 60871.5039
101624 60975.125
101629 61045.2695
101630 60899.2188
101631 60866.0312
101634 61100.8984
101635 61120.9844
101638 61017.6094
101639 60786.7812
101645 60968.707
101647 61149.8359
101651 60935.2148
101653 60942.4336
101655 60871.2734
101656 61137.0508
101660 60890.8555
101662 60924.3398
101665 60889.9297
101669 61128.457
101670 61012.125
101671 60963.9023
101673 61146.9961
101674 61091.9297
101678 61143.6914
101684 61051.8906
101685 61103.6875
101686 61143.3828
101688 61195.7578
101689 60969.8047
101690 60882.5938
101693 61077.0508
101694 60799.875
101698 60872.3438
101699 61122.7969
101703 61078.9062
101707 60906.8438
101711 61132.3828
101712 60959.9453
101713 61158.1289
101714 61049.1055
101716 61109.0312
101717 61075.6562
101718 60922.5508
101720 60939.7656
101721 61012.582
101723 61013.9922
101724 61020.3359
101730 60978.3438
101732 60852.0547
101735 60890.5469
101736 61055.9336
101739 60823.3086
101740 61115.7656
101741 60775.0039
101742 61052.375
101744 61143.918
101746 60813.0
101747 61033.6641
101750 61019.1406
101752 60846.8906
101766 61014.4297
101772 61025.6055
101773 61057.0625
101777 60918.0625
101778 61113.9766
101782 60967.4062
101783 61182.9961
101784 61104.0117
101787 61092.9297
101789 60968.1992
101792 61125.3828
101793 60878.5586
101794 60833.7227
101800 60845.0898
101801 61127.3398
101803 60917.3047
101804 60851.1211
101811 60990.9297
101814 60993.9648
101816 60864.7031
101818 60930.7617
101821 61142.5859
101822 61132.1328
101825 60936.3594
101828 60928.4492
101831 61165.6055
101832 61056.3359
101834 60946.3438
101838 61160.1602
101841 60986.8672
101843 60829.7695
101844 61119.543
101846 61105.75
101848 61084.4141
101849 60961.5547
101850 60854.9531
101851 60834.8594
101852 60928.1367
101855 60999.3438
101856 61037.6406
101860 60844.8711
101864 60945.918
101865 61127.5977
101866 60913.7891
101869 60951.2422
101871 60789.2773
101872 61111.0977
101874 61116.5117
101875 60952.1328
101877 61004.4531
101878 60881.7852
101879 60856.6211
101880 61152.0664
101881 60965.4336
101882 60886.6328
101883 61133.8242
101885 60959.8789
101887 60919.3906
101889 61001.7305
101890 61167.2305
101892 60799.1172
101894 61184.5938
101895 61166.0273
101896 61016.0117
101898 60848.1992
101899 60932.7188
101900 61152.1992
101902 60875.8242
101903 60939.0859
101905 60952.3125
101915 60857.2031
101917 60843.2422
101919 61015.6523
101921 61100.918
101926 60932.9141
101928 60917.9609
101931 61158.457
101932 61144.4258
101933 60883.1172
101935 61185.418
101939 60830.8516
101940 60914.3984
101949 60954.9023
101952 60798.4492
101953 61007.457
101954 60985.2852
101956 61190.2227
101958 60819.5781
101961 60859.1953
101963 61154.8164
101967 60924.1484
101970 61113.0312
101971 60807.9336
101973 61036.8203
101974 61148.6484
101976 61124.7695
101979 61179.9258
101981 60901.4023
101983 60800.9766
101984 61023.6016
101985 61122.2383
101986 61027.8438
101991 61197.043
101992 61152.6797
101993 61018.6836
101994 61149.3477
101996 61045.75
102000 61137.7148
102003 60807.457
102004 60980.0234
102008 61037.6484
102017 60995.1797
102018 61045.0195
102020 61054.1484
102028 61022.9453
102029 61049.0508
102034 60983.4805
102036 60818.375
102037 61079.5977
102043 60995.418
102047 61039.4531
102048 61012.2812
102054 61147.4688
102055 61134.0781
102056 60935.5742
102061 61113.5859
102063 60974.2852
102065 61192.5273
102069 61039.0156
102077 60973.9961
102080 61078.5391
102081 61101.9492
102082 61166.0234
102084 61019.4062
102085 61025.4141
102086 61126.4453
102095 60998.207
102096 60818.332
102100 61095.9961
102102 60811.207
102105 60979.6758
102107 60857.6875
102108 61188.293
102110 61140.7188
102111 61150.7695
102112 60832.8555
102113 60992.707
102114 60975.2266
102115 60837.9375
102120 61098.4531
102121 61174.5195
102123 61156.9961
102126 61003.6875
102127 60912.3711
102130 60848.375
102138 60787.8242
102141 60876.4375
102145 61029.0312
102146 60904.9023
102148 60962.4336
102150 61064.1836
102152 60816.082
102153 61086.918
102154 61129.3203
102158 61099.7031
102162 61017.6602
102164 61196.5859
102171 60794.7266
102173 61035.7266
102176 61011.7148
102178 60901.3398
102182 60998.8203
102184 60861.875
102185 60854.8906
102186 61113.1133
102191 60916.4336
102194 61160.3281
102197 60846.7773
102202 60918.2188
102204 61165.1328
102205 61012.3477
102207 60910.9805
102210 61157.4141
102212 60893.8867
102214 60841.0469
102217 60994.875
102219 61037.0781
102231 60913.3438
102232 60923.668
102234 61104.3633
102235 60804.207
102236 60968.0312
102237 61116.7305
102240 60991.0195
102241 60913.125
102243 61009.0469
102244 60883.1016
102247 60929.6211
102248 60883.0078
102256 61115.8125
102264 61084.8047
102266 61082.8672
102270 60945.6094
102272 61101.2812
102273 60956.6055
102275 60992.6289
102276 60984.3672
102280 60940.3516
102281 60894.0312
102282 60859.5859
102283 61121.7031
102286 61113.543
102287 60935.6094
102288 61113.3867
102290 61147.8242
102291 61110.2812
102293 60875.1602
102296 61091.9141
102297 61073.4219
102298 60895.9023
102300 60922.2617
102301 60844.9883
102303 61107.6836
102306 60831.5273
102308 61162.7422
102311 60921.2969
102319 61105.4297
102323 60928.4297
102324 60968.543
102325 60981.2852
102326 61047.5469
102328 61108.7305
102332 61108.3672
102333 60882.5117
102335 61117.3906
102336 61156.707
102342 60906.7031
102345 60902.4453
102350 61061.8008
102351 60962.6641
102352 60790.0664
102353 60854.7148
102354 60947.4297
102356 60937.2383
102357 61156.5273
102361 60839.5586
102364 60985.5469
102365 60995.2344
102367 61001.0977
102368 60890.5391
102369 60970.5352
102371 61159.082
102372 60779.1758
102375 61159.7344
102376 60913.5
102379 60863.9102
102380 60967.7305
102381 61018.8477
102382 61096.543
102385 61141.9062
102386 60845.3867
102389 60992.4883
102390 60900.0391
102391 61185.7656
102396 60826.7891
102397 61166.9805
102398 60789.0859
102399 60853.8086
102400 60907.6797
102402 61106.957
102405 61119.543
102409 60852.6367
102410 61168.3945
102411 60974.4883
102415 61139.6875
102417 60899.4062
102418 61017.0469
102419 60801.4141
102423 61061.4922
102424 61114.1289
102427 60926.7422
102429 60964.0234
102430 60961.1211
102433 61060.3047
102437 61015.1367
102439 60958.2383
102444 61122.3633
102445 60810.8945
102447 61001.0234
102448 61181.1055
102452 60985.3672
102453 61010.4961
102455 60938.6289
102456 61006.6953
102459 61113.707
102462 60902.2539
102465 61045.6367
102471 61012.9258
102473 61041.1484
102476 61043.8555
102484 60924.4102
102487 61088.8086
102488 61051.7734
102489 60936.8984
102491 60927.0664
102496 60941.3359
102497 60769.9492
102500 60940.3516
102502 60804.2539
102503 61148.1211
102505 61089.2266
102508 60947.8945
102510 60849.6055
102511 60875.3242
102513 61164.9336
102514 61147.4492
102518 60957.9062
102520 60872.2539
102521 61089.7812
102525 60937.2461
102529 60862.4375
102535 61059.1914
102536 60902.5664
102538 61135.6836
102539 60931.0039
102541 60819.832
102542 61020.3125
102543 61051.6406
102547 61141.4609
102549 61015.4102
102550 60896.0625
102554 61106.9609
102556 60907.5391
102557 60788.2148
102560 60814.7969
102567 60883.5039
102570 61103.832
102573 61135.2773
102577 60884.2461
102578 61126.7852
102585 60827.5547
102588 61137.0625
102592 61123.7656
102593 60976.2539
102595 61077.5156
102596 61091.9922
102600 61151.2305
102601 61148.1602
102602 60959.793
102605 60914.4922
102606 60865.9805
102607 60855.8438
102608 61070.9688
102609 61128.707
102610 61050.5234
102611 60810.7148
102615 60912.2227
102617 60860.2773
102618 61115.8828
102622 61125.4844
102623 61018.0078
102627 60909.6172
102629 60921.8086
102630 61177.5312
102634 60873.1992
102635 60836.8867
102639 60820.2188
102642 61160.6484
102645 60866.668
102646 60978.3633
102647 61189.8359
102649 61150.3633
102652 61031.9727
102656 60882.5391
102657 60968.8555
102662 60938.9102
102663 60926.418
102666 60960.0547
102675 60893.2695
102677 61151.3398
102681 60898.9258
102682 60826.4062
102683 61025.3398
102684 61038.8281
102685 61013.6445
102686 61153.2266
102687 60971.9297
102688 61055.793
102691 60986.3594
102692 60890.5664
102696 60818.9766
102699 60993.9727
102701 61110.1211
102702 60858.5391
102703 61028.0781
102705 61192.2422
102706 61143.9258
102708 61127.1914
102709 61170.4062
102713 60961.7031
102715 60813.7031
102717 60792.7422
102721 61006.3438
102723 61168.3789
102727 60912.5898
102728 60821.4492
102729 60856.2852
102734 60948.1758
102737 61118.3203
102738 60945.1953
102739 61144.168
102740 60917.9375
102742 61046.5078
102743 61182.6953
102745 61077.9414
102746 61144.0469
102750 60956.7773
102751 60793.4531
102755 61035.9414
102757 61151.5117
102760 60961.6914
102768 60924.2969
102769 60951.1875
102771 61143.5352
102773 61000.9922
102779 61056.582
102781 61105.1133
102784 61152.4375
102786 60802.9766
102787 60902.3047
102794 60969.5156
102797 60945.4414
102798 61163.6328
102801 61140.1406
102802 60899.0547
102803 61022.2773
102804 61132.875
102805 61132.7852
102806 60922.3711
102807 61081.7109
102808 60978.207
102811 60980.2422
102812 60887.832
102814 60769.2969
102821 60933.7969
102824 61110.8477
102825 61188.543
102827 60867.4414
102829 60937.9766
102832 60974.1211
102834 60981.9258
102841 60960.0977
102842 61154.3594
102843 60816.0117
102847 60874.6094
102848 60973.1094
102855 61055.8164
102858 61154.0977
102860 61027.8594
102868 60810.75
102869 60785.8789
102870 60891.9805
102872 61051.3477
102873 60966.9727
102879 60973.2305
102880 61120.4023
102881 60857.6172
102883 60907.1602
102885 60980.5586
102887 61147.1406
102890 61061.0898
102893 61057.0391
102900 61052.4922
102901 61011.4453
102904 60863.7109
102905 61142.1172
102906 61022.9375
102912 60891.0195
102913 61150.4492
102914 60968.8086
102916 61109.9766
102917 60997.2773
102918 61061.4688
102919 61114.0664
102920 61089.9375
102923 61024.5195
102925 60936.8164
102926 61090.4922
102928 61193.0547
102929 61138.9414
102932 60927.5781
102935 60858.6523
102936 60806.4727
102937 61062.3359
102938 61181.5
102939 61126.7812
102943 61144.707
102945 61043.5312
102949 61136.1445
102950 61150.0625
102953 60855.1133
102954 61141.918
102958 61130.75
102959 60952.0742
102962 61142.7578
102967 60905.9258
102969 60971.875
102971 60822.5312
102972 60811.9609
102979 60903.1445
102981 60997.4492
102986 60995.5078
102988 60910.5234
102990 61183.043
102991 60919.9141
102992 61071.3984
102993 61061.3594
102995 61060.9258
102996 60922.9062
102998 61111.1055
103000 60976.1406
